100 (dimension of the image vectors)
5   (number of the image vectors)

1 -1 1 -1 1 -1 1 -1 1 -1
-1 1 -1 1 -1 1 -1 1 -1 1
1 -1 1 -1 1 -1 1 -1 1 -1
-1 1 -1 1 -1 1 -1 1 -1 1
1 -1 1 -1 1 -1 1 -1 1 -1
-1 1 -1 1 -1 1 -1 1 -1 1
1 -1 1 -1 1 -1 1 -1 1 -1
-1 1 -1 1 -1 1 -1 1 -1 1
1 -1 1 -1 1 -1 1 -1 1 -1
-1 1 -1 1 -1 1 -1 1 -1 1

1 1 -1 -1 1 1 -1 -1 1 1
1 1 -1 -1 1 1 -1 -1 1 1
-1 -1 1 1 -1 -1 1 1 -1 -1
-1 -1 1 1 -1 -1 1 1 -1 -1
1 1 -1 -1 1 1 -1 -1 1 1
1 1 -1 -1 1 1 -1 -1 1 1
-1 -1 1 1 -1 -1 1 1 -1 -1
-1 -1 1 1 -1 -1 1 1 -1 -1
1 1 -1 -1 1 1 -1 -1 1 1
1 1 -1 -1 1 1 -1 -1 1 1

1 1 1 1 1 -1 -1 -1 -1 -1
1 1 1 1 1 -1 -1 -1 -1 -1
1 1 1 1 1 -1 -1 -1 -1 -1
1 1 1 1 1 -1 -1 -1 -1 -1
1 1 1 1 1 -1 -1 -1 -1 -1
-1 -1 -1 -1 -1 1 1 1 1 1
-1 -1 -1 -1 -1 1 1 1 1 1
-1 -1 -1 -1 -1 1 1 1 1 1
-1 -1 -1 -1 -1 1 1 1 1 1
-1 -1 -1 -1 -1 1 1 1 1 1

1 -1 -1 1 -1 -1 1 -1 -1 1
-1 1 -1 -1 1 -1 -1 1 -1 -1
-1 -1 1 -1 -1 1 -1 -1 1 -1
1 -1 -1 1 -1 -1 1 -1 -1 1
-1 1 -1 -1 1 -1 -1 1 -1 -1
-1 -1 1 -1 -1 1 -1 -1 1 -1
1 -1 -1 1 -1 -1 1 -1 -1 1
-1 1 -1 -1 1 -1 -1 1 -1 -1
-1 -1 1 -1 -1 1 -1 -1 1 -1
1 -1 -1 1 -1 -1 1 -1 -1 1

1 1 1 1 1 1 1 1 1 1
1 -1 -1 -1 -1 -1 -1 -1 -1 1
1 -1 1 1 1 1 1 1 -1 1
1 -1 1 -1 -1 -1 -1 1 -1 1
1 -1 1 -1 1 1 -1 1 -1 1
1 -1 1 -1 1 1 -1 1 -1 1
1 -1 1 -1 -1 -1 -1 1 -1 1
1 -1 1 1 1 1 1 1 -1 1
1 -1 -1 -1 -1 -1 -1 -1 -1 1
1 1 1 1 1 1 1 1 1 1
